001465
00104K
011155
001045
097955
000995
078935
001067
001065
016385
051905
003555
066575
108675
051915
005945
004255
010955
001745
006125
03473K
096775
001515
28513K
012205
014285
002995
011785
004545
008355
003925
005725
002355
090355
000325
005257
019685
00806K
35320K
000215
001685
084695
003547
003545
006345
001795
003495
004835
005965
001527
001529
001525
014825
000157
33637K
33637L
000155
33626K
33626L
00499K
005305
088980
094800
00680K
006805
357250
096300
001275
006405
02826K
009155
005935
010145
000815
145995
000075
004415
014915
004985
004365
001725
009275
019175
003415
00279K
002795
090435
003475
000225
000227
000105
003465
350520
007575
002787
002785
357120
007815
00781K
003075
002025
120115
26490K
005745
004105
009415
36328K
000087
000145
152550
071055
168490
001755
18064K
00088K
009835
000885
003535
000725
004565
005387
005389
005385
008775
000547
000545
021045
08537M
032685
112190
224880
284610
183410
76340
329050
243870
244880
288490
86220
317860
229500
323350
86080
271850
343090
178600
114920
302920
348840
199150
227420
176750
163430
232680
285770
200350
92590
238500
162120
200580
233250
236340
267060
322970
225850
214610
281310
266470
216400
199290
222160
206950
126340
215050
271780
148780
210120
266170
67370
258250
185190
258540
260870
232830
217320
236030
103660
245450
189330
149010
223220
149300
251280
267810
179530
224810
208890
270660
270210
260970
158300
86460
246250
299670
217910
224020
203400
234070
44990
207490
64850
140610
238170
224760
93510
276240
311060
58970
225860
251960
179720
329020
278380
216280
140660
121060
84440
337840
221800
279060
344860
336040
208850
270020
341310
241510
232530
211050
240340
120780
66830
314130
299480
135160
250030
233990
140290
327970
189350
136660
215570
180060
116100
308700
258050
199800
191600
309900
217880
217950
266870
278990
202960
327610
354230
303360
222670
150440
242350
239890
331660
107640
284420
212310